1 2.10214582172
2 2.16443863894
3 2.24211965191
4 2.30253786769
5 2.35876443634
6 2.41905841362
7 2.49399356199
8 2.55208271932
9 2.60599050205
10 2.6636365565
11 2.72056362397
12 2.77674305809
13 2.83214806943
14 2.8728220083
15 2.9275899054
16 2.98471308507
17 3.02362054163
18 3.0759284487
19 3.11749017064
20 3.15541341656
21 3.19650982462
22 3.23696684324
23 3.27677863526
24 3.31594021154
25 3.34266235799
26 3.38136640091
27 3.41068166526
28 3.43690150894
29 3.46606936584
30 3.49481280479
31 3.52313162008
32 3.54034156656
33 3.56856704501
34 3.5884216026
35 3.60559455824
36 3.62560139937
37 3.64537094872
38 3.65491086844
39 3.66495396566
40 3.67784420274
41 3.69062969453
42 3.70331065672
43 3.71588731879
44 3.71876946593
45 3.72218500268
46 3.72840811226
47 3.73460527168
48 3.73126623405
49 3.73798464819
50 3.73745144994
51 3.73465325737
52 3.73465325737
53 3.72510337879
54 3.72564104103
55 3.71886646185
56 3.70975838676
57 3.70345763972
58 3.68734078024
59 3.68150103203
60 3.66808274611
61 3.65216125753
62 3.63906257254
63 3.61562417999
64 3.60281413725
65 3.58194915427
66 3.55830758193
67 3.53751055002
68 3.5164747908
69 3.49520019517
70 3.46255533428
71 3.43000082384
72 3.40030975288
73 3.37019579857
74 3.33966014687
75 3.30870430314
76 3.2651453256
77 3.23388991499
78 3.19267809428
79 3.14776257398
80 3.10591756117
81 3.06344893673
82 3.02036533861
83 2.96310572592
84 2.91941412005
85 2.86451845753
86 2.81958921389
87 2.76319933073
88 2.70255110913
89 2.64539234438
90 2.5875240805
91 2.5289773576
92 2.46978498004
93 2.40998146119
94 2.34960295918
95 2.28868720359
96 2.2272734134
97 2.14946025483
98 2.08797490733
99 2.0299801094
100 1.96694248769
101 1.88734742334
102 1.82467082527
103 1.7657269092
104 1.68544607045
105 1.62239740978
106 1.56323810029
107 1.49927338773
108 1.43538145553
109 1.37161014162
110 1.30800692253
111 1.24461877274
112 1.18149202739
113 1.11867224886
114 1.05620409824
115 0.994131212365
116 0.948264739522
117 0.8861029978
118 0.836299809583
119 0.790534513239
120 0.725295742767
121 0.676749646429
122 0.632205468117
123 0.598558450634
124 0.549518527241
125 0.49751058031
126 0.464817376279
127 0.431567274048
128 0.39439340278
129 0.357568050545
130 0.321098478627
131 0.284991573099
132 0.26296270687
133 0.226692334316
134 0.201072831007
135 0.178842582762
136 0.152860457236
137 0.140289278411
138 0.11389870103
139 0.0976544513992
140 0.0845880348306
141 0.0677848996702
142 0.0639286769113
143 0.0465307746198
144 0.0389471044205
145 0.0344159560229
146 0.0261531409654
147 0.0179157086361
148 0.00970371362807
149 0.0141294532292
150 0.0178518893939
151 0.0178518893939
152 0.0178518893939
153 0.0305421798863
154 0.0298282822943
155 0.0388184647246
156 0.0508882998199
157 0.0721108804455
158 0.0797859233984
159 0.0973917222104
160 0.118228679373
161 0.135328186623
162 0.15252587534
163 0.169821143438
164 0.200665094085
165 0.231045190128
166 0.243981865312
167 0.285279736792
168 0.315646500422
169 0.338793155099
170 0.380404437823
171 0.421663342369
172 0.459088352146
173 0.496848402594
174 0.534935218332
175 0.573340159771
176 0.627032975077
177 0.665311398549
178 0.715469265321
179 0.769731979707
180 0.819911267433
181 0.870473622652
182 0.937143224811
183 0.987613138053
184 1.03458309428
185 1.10254054041
186 1.17002296803
187 1.21688769633
188 1.28107989071
189 1.34940050351
190 1.41311854668
191 1.47697381874
192 1.54091859169
193 1.60490486893
194 1.66888452909
195 1.74919500244
196 1.81206572727
197 1.8708978266
198 1.93433490518
199 2.01368450405
