1 -9.748
2 -1.157
3 -1.1996
4 -6.0464
5 -15.635
6 0.024445
7 4.2931
8 12.642
9 6.6433
10 2.1217
11 5.7245
12 14.663
13 2.8928
14 0.2915
15 0.77443
16 4.9325
17 17.272
18 -0.72233
19 -5.9901
20 -12.231
21 -6.1383
22 -4.6139
23 -10.907
24 -8.6508
25 -3.5611
26 -7.5394
27 -12.562
28 -3.6672
29 -3.9325
30 -12.121
31 -7.425
32 -1.7189
33 -4.0679
34 -14.48
35 -4.4699
36 0.50081
37 2.7006
38 12.998
39 6.3494
40 -1.8383
41 -6.7038
42 -13.749
43 -2.8609
44 -1.5942
45 -6.376
46 -14.875
47 -1.0184
48 2.1572
49 8.9489
50 11.613
51 0.60339
52 -1.1439
53 -5.774
54 -15.821
55 -0.38944
56 3.7995
57 12.078
58 7.4668
59 1.7853
60 4.2416
61 14.581
62 4.2752
63 -0.37715
64 -2.2226
65 -11.592
66 -8.0335
67 1.9272
68 6.7921
69 13.431
70 3.3354
71 2.4895
72 9.1626
73 11.306
74 0.90969
75 -0.23068
76 -1.3415
77 -8.9109
78 -11.561
79 2.8998
80 8.101
81 11.483
82 4.6432
83 6.0237
84 12.594
85 5.7749
86 4.1218
87 10.645
88 9.1247
89 2.9776
90 6.1006
91 13.799
92 3.852
93 2.2134
94 7.8814
95 12.936
96 1.2339
97 -0.39344
98 -2.1344
99 -12.465
100 -6.7697
101 3.1543
102 8.9584
103 10.977
104 3.6333
105 5.6126
106 13.35
107 5.0638
108 2.8447
109 8.7795
110 11.665
111 1.8943
112 1.8985
113 8.4284
114 12.377
115 -0.059928
116 -3.0333
117 -11.903
118 -7.7927
119 -0.22193
120 0.85915
121 4.808
122 16.877
123 0.34406
124 -4.6997
125 -12.267
126 -6.9065
127 -3.1238
128 -8.058
129 -12.322
130 -2.7803
131 -3.0439
132 -11.224
133 -8.6472
134 -0.64294
135 -0.17574
136 -0.88409
137 -6.3385
138 -15.72
139 2.4155
140 7.5015
141 11.522
142 5.5534
143 6.1989
144 11.936
145 6.5261
146 4.9062
147 10.842
148 8.6056
149 3.9905
150 8.2142
151 11.759
152 3.8848
153 5.098
154 13.022
155 5.8666
156 2.708
157 7.8472
158 12.733
159 2.2331
160 1.733
161 7.4325
162 13.698
163 0.35962
164 -2.6496
165 -10.689
166 -9.3313
167 -0.36353
168 0.90996
169 4.9148
170 16.687
171 0.51173
172 -4.3668
173 -12.157
174 -7.1809
175 -2.7222
176 -6.9542
177 -13.519
178 -2.8495
179 -1.8649
180 -7.4343
181 -13.62
182 -0.742
183 1.83
184 8.2044
185 12.658
186 0.23108
187 -2.4718
188 -10.476
189 -9.6075
190 -0.03908
191 1.9325
192 9.3651
193 11.085
194 -0.68418
195 -4.1647
196 -13.719
197 -5.3815
198 -0.69167
199 -1.5612
200 -8.6392
201 -12.095
202 1.5174
203 6.052
204 13.427
205 4.4402
206 2.9664
207 9.5619
208 10.709
209 1.6376
210 1.9322
211 8.8527
212 11.798
213 -0.34127
214 -3.5153
215 -12.877
216 -6.5616
217 -0.38203
218 -0.044818
219 -0.20767
220 -1.5806
221 -12.247
222 -6.4434
223 5.2161
224 9.9215
225 8.9125
226 5.8194
227 9.2383
228 9.8631
229 5.6336
230 8.2662
231 10.839
232 5.6985
233 7.1425
234 11.543
235 6.1569
236 6.0003
237 11.51
238 7.2214
239 4.994
240 10.353
241 9.1189
242 4.3145
243 8.1637
244 11.642
245 4.2965
246 5.6037
247 12.841
248 5.7741
249 3.4654
250 9.5969
251 10.531
252 2.4948
253 4.0305
254 13.424
255 5.8075
256 0.70388
257 1.4463
258 7.9992
259 13.05
260 -1.3195
261 -5.7905
262 -13.401
263 -4.7525
264 -2.9277
265 -9.2221
266 -11.124
267 -1.7757
268 -2.0001
269 -8.9647
270 -11.64
271 0.22832
272 3.2042
273 12.407
274 7.1622
275 0.14534
276 -0.93261
277 -5.2593
278 -16.612
279 0.07528
280 4.9214
281 12.549
282 6.4632
283 3.1473
284 8.4361
285 11.926
286 2.6074
287 3.1145
288 11.578
289 8.2006
290 0.5197
291 -0.042898
292 -0.32036
293 -2.3832
294 -15.825
295 -2.5633
296 5.7296
297 10.714
298 7.9768
299 5.6684
300 10.036
301 9.1285
302 5.2397
303 8.8625
304 10.538
305 5.1023
306 7.3674
307 11.794
308 5.4726
309 5.8014
310 11.997
311 6.7418
312 4.4458
313 10.268
314 9.4412
315 3.6267
316 6.9913
317 12.918
318 4.0512
319 3.7496
320 11.495
321 8.219
322 1.8503
323 3.9893
324 14.181
325 4.8723
326 -0.24436
327 -1.808
328 -9.8386
329 -10.365
330 1.698
331 6.305
332 13.526
333 3.9653
334 2.7324
335 9.3405
336 11.033
337 1.3148
338 0.93658
339 4.5691
340 16.627
341 1.1267
342 -3.8753
343 -11.554
344 -8.0511
345 -2.4271
346 -5.6314
347 -14.378
348 -3.4954
349 -1.0247
350 -3.6742
351 -15.311
352 -3.514
353 2.3022
354 8.2392
355 12.303
356 2.0017
357 1.6482
358 7.2891
359 13.916
360 0.23211
361 -3.0083
362 -11.454
363 -8.3524
364 -0.59873
365 -0.15
366 -0.7538
367 -5.4757
368 -17.006
369 2.0048
370 7.1998
371 11.543
372 5.8942
373 6.0979
374 11.7
375 6.9117
376 4.9781
377 10.589
378 8.8623
379 4.1974
380 8.2558
381 11.619
382 4.12
383 5.483
384 12.956
385 5.7065
386 3.2155
387 9.1488
388 11.12
389 2.3267
390 3.2282
391 12.162
392 7.4697
393 0.28466
394 -0.56029
395 -3.228
396 -16.293
397 -2.3062
398 4.4114
399 11.148
400 8.2737
401 3.7079
402 8.0761
403 12.023
404 3.5888
405 4.4779
406 12.849
407 6.3757
408 2.0142
409 5.5752
410 14.808
411 2.8531
412 0.017381
413 -0.41372
414 -2.6955
415 -15.935
416 -2.6256
417 5.0817
418 10.995
419 8.0822
420 4.7507
421 9.4668
422 10.18
423 4.3379
424 7.2057
425 12.353
426 4.7468
427 4.884
428 12.211
429 6.9918
430 3.1444
431 8.0385
432 12.331
433 2.8222
434 3.1014
435 11.322
436 8.5204
437 0.69358
438 0.38057
439 2.0193
440 12.659
441 6.4026
442 -3.7905
443 -9.6302
444 -10.015
445 -4.1554
446 -7.1722
447 -12.483
448 -4.5634
449 -4.6329
450 -12.167
451 -7.1518
452 -2.8174
453 -7.2002
454 -13.266
455 -2.8299
456 -2.1346
457 -8.4324
458 -12.31
459 -0.60685
460 1.4523
461 7.0053
462 14.325
463 0.10893
464 -3.4329
465 -12.106
466 -7.5099
467 -0.98512
468 -1.7213
469 -8.8499
470 -11.803
471 1.0814
472 5.1644
473 13.827
474 4.7026
475 1.8353
476 6.0402
477 14.841
478 1.9937
479 -0.75153
480 -3.6609
481 -15.605
482 -3.1396
483 2.7352
484 9.2177
485 11.055
486 2.1425
487 2.8809
488 11.498
489 8.3014
490 0.037854
491 -1.5787
492 -8.1844
493 -12.764
494 0.83668
495 4.8211
496 13.632
497 5.1859
498 1.7521
499 5.4631
500 15.136
501 2.4459
502 -0.76132
503 -3.659
504 -15.418
505 -3.3789
506 2.4709
507 8.6366
508 11.8
509 2.0452
510 2.1221
511 9.135
512 11.4
513 -0.012669
514 -2.6051
515 -11.125
516 -8.7666
517 0.20083
518 2.4099
519 11.139
520 8.718
521 -0.82514
522 -4.1621
523 -14.212
524 -4.7659
525 -0.051804
526 0.67607
527 4.1048
528 17.352
529 0.48821
530 -5.1966
531 -11.981
532 -6.9697
533 -4.0457
534 -9.6054
535 -10.323
536 -3.3621
537 -5.8172
538 -13.559
539 -4.5695
540 -2.6536
541 -8.6528
542 -11.876
543 -1.6116
544 -1.1257
545 -5.2649
546 -16.197
547 -0.80083
548 3.5972
549 11.584
550 8.0992
551 1.8461
552 4.0482
553 14.265
554 4.7489
555 -0.25135
556 -1.8148
557 -9.897
558 -10.281
559 1.7319
560 6.3693
561 13.489
562 3.9371
563 2.7876
564 9.512
565 10.811
566 1.3141
567 1.0594
568 5.1885
569 16.365
570 0.61743
571 -3.9531
572 -11.961
573 -7.5576
574 -2.191
575 -5.3395
576 -14.629
577 -3.4292
578 -0.48328
579 -1.432
580 -8.5077
581 -12.268
582 1.9684
583 6.8322
584 12.793
585 4.4368
586 4.1037
587 11.696
588 7.8921
589 2.3215
590 5.4692
591 14.494
592 3.4986
593 0.77954
594 2.6539
595 13.339
596 5.8915
597 -2.3625
598 -7.8778
599 -12.486
600 -2.8351
601 -2.9669
602 -10.973
603 -8.966
604 -0.6637
605 -0.11521
606 -0.53784
607 -3.9232
608 -18.168
609 0.6036
610 6.4886
611 11.444
612 6.6963
613 5.7669
614 11.082
615 7.8905
616 4.9551
617 9.7817
618 9.7573
619 4.4777
620 7.7438
621 11.899
622 4.655
623 5.5013
624 12.553
625 6.2257
626 3.6452
627 9.572
628 10.501
629 2.7911
630 4.6535
631 13.745
632 5.1702
633 1.3096
634 3.9281
635 15.022
636 3.8192
637 -1.4766
638 -6.0087
639 -14.791
640 -2.1421
641 0.52355
642 2.6892
643 13.786
644 5.3336
645 -2.7289
646 -8.6313
647 -11.593
648 -2.8882
649 -3.9005
650 -12.817
651 -6.5846
652 -1.0697
653 -2.4117
654 -11.641
655 -8.0366
656 1.3892
657 5.572
658 14.362
659 3.5551
660 1.0603
661 3.7903
662 15.411
663 3.3585
664 -2.255
665 -8.1762
666 -12.401
667 -1.9171
668 -1.4019
669 -6.2925
670 -15.159
671 -0.48354
672 3.2205
673 11.467
674 8.3146
675 1.1145
676 1.7657
677 8.8427
678 11.816
679 -0.90621
680 -4.7948
681 -13.823
682 -4.9552
683 -1.4596
684 -4.5804
685 -15.392
686 -2.9866
687 1.3246
688 5.6542
689 15.242
690 1.9283
691 -1.3267
692 -5.8985
693 -15.284
694 -1.3346
695 2.0561
696 8.4741
697 12.227
698 0.78944
699 -0.98318
700 -4.9701
701 -16.386
702 -0.9732
703 3.6399
704 11.491
705 8.1949
706 2.0213
707 4.4768
708 14.476
709 4.3038
710 0.090288
711 -0.42236
712 -2.6354
713 -15.487
714 -3.1559
715 4.7497
716 10.852
717 8.4009
718 4.4503
719 8.9234
720 10.867
721 4.1663
722 6.3464
723 12.865
724 5.0585
725 3.977
726 11.014
727 8.7371
728 2.5458
729 5.4472
730 14.274
731 3.8629
732 1.2227
733 4.2815
734 15.633
735 2.8503
736 -1.9936
737 -7.6822
738 -13.092
739 -1.6075
740 -0.25993
741 -1.0103
742 -6.7069
743 -15.09
744 2.0582
745 7.0846
746 12.081
747 5.2397
748 5.3536
749 12.069
750 6.9292
751 3.8672
752 9.3827
753 10.632
754 3.2096
755 5.2975
756 13.654
757 4.8903
758 2.1536
759 6.9557
760 13.907
761 1.8376
762 -9.7756e-005
763 -0.3019
764 -2.0568
765 -13.983
766 -4.6295
767 4.9704
768 10.391
769 8.6982
770 5.1266
771 9.1934
772 10.278
773 4.8742
774 7.5291
775 11.827
776 5.1704
777 5.75
778 12.212
779 6.5001
780 4.2196
781 10.2
782 9.5997
783 3.3401
784 6.3953
785 13.422
786 4.0879
787 2.9546
788 9.8181
789 10.402
790 1.4507
791 1.6413
792 7.8249
793 13.25
794 -0.33776
795 -3.9175
796 -13.018
797 -6.3132
798 -1.0558
799 -2.4854
800 -11.947
801 -7.6519
802 1.4568
803 5.7341
804 14.338
805 3.3959
806 1.0824
807 3.9629
808 15.611
809 3.0387
810 -2.3105
811 -8.3968
812 -12.15
813 -1.8129
814 -1.3741
815 -6.2563
816 -15.223
817 -0.42536
818 3.3546
819 11.679
820 8.0382
821 1.2243
822 2.235
823 10.661
824 9.3205
825 -1.0242
826 -4.7424
827 -14.304
828 -4.3588
829 -0.69489
830 -1.9608
831 -10.66
832 -9.2214
833 1.978
834 6.8486
835 13.214
836 3.6533
837 3.0542
838 10.43
839 9.6345
840 1.2445
841 1.5015
842 7.4262
843 13.831
844 -0.44132
845 -4.3016
846 -13.185
847 -5.9878
848 -1.5506
849 -4.3313
850 -15.04
851 -3.6281
852 0.95103
853 4.3028
854 15.456
855 3.0756
856 -1.6608
857 -6.6932
858 -14.243
859 -1.7189
860 0.50029
861 2.6018
862 13.749
863 5.344
864 -2.948
865 -8.9662
866 -11.145
867 -3.0619
868 -4.5955
869 -13.436
870 -5.5933
871 -1.5928
872 -4.6907
873 -15.231
874 -3.1314
875 0.95451
876 4.345
877 15.611
878 2.8366
879 -1.8942
880 -7.4195
881 -13.423
882 -1.5854
883 0.035289
884 0.42762
885 2.9327
886 16.82
887 1.603
888 -5.5549
889 -11.192
890 -7.6133
891 -5.1225
892 -10.114
893 -9.3222
894 -4.5652
895 -8.227
896 -11.459
897 -4.5608
898 -6.0092
899 -12.654
900 -5.7035
901 -4.0424
902 -10.594
903 -9.2083
904 -2.8829
905 -5.8446
906 -13.941
907 -3.9451
908 -1.9486
909 -6.9279
910 -14.083
911 -1.4092
912 0.87573
913 4.284
914 16.225
915 2.0118
916 -3.0646
917 -10.216
918 -9.8277
919 -1.9485
920 -3.2606
921 -12.711
922 -6.7861
923 0.14325
924 1.8022
925 9.4005
926 11.013
927 -1.2478
928 -5.4227
929 -13.914
930 -4.3703
931 -1.8814
932 -6.4104
933 -14.565
934 -1.7304
935 0.79368
936 3.8727
937 15.902
938 2.6877
939 -2.8778
940 -9.6272
941 -10.552
942 -2.0784
943 -3.0921
944 -12.136
945 -7.5026
946 0.0056682
947 1.5135
948 8.0343
949 12.988
950 -0.96076
951 -5.11
952 -13.598
953 -5.0458
954 -2.1193
955 -6.7442
956 -14.11
957 -1.9441
958 0.025352
959 0.43903
960 2.9587
961 16.768
962 1.6744
963 -5.4524
964 -11.221
965 -7.6436
966 -4.9893
967 -10.007
968 -9.5004
969 -4.4397
970 -7.9478
971 -11.759
972 -4.5282
973 -5.6178
974 -12.669
975 -5.9936
976 -3.6597
977 -9.7764
978 -10.265
979 -2.7106
980 -4.6808
981 -13.845
982 -5.0258
983 -1.2186
984 -3.6701
985 -14.805
986 -4.1565
987 1.6205
988 6.3817
989 14.391
990 2.1851
991 0.0096167
992 -0.32027
993 -2.1482
994 -14.27
995 -4.3442
996 4.9377
997 10.473
998 8.6471
999 5.0165
1000 9.1736
1001 10.352
1002 4.7534
1003 7.374
1004 12
1005 5.1106
1006 5.4854
1007 12.208
1008 6.6785
1009 3.9223
1010 9.6602
1011 10.308
1012 3.1615
1013 5.4952
1014 13.726
1015 4.6282
1016 2.2035
1017 7.2912
1018 13.564
1019 1.6715
1020 0.011443
1021 -0.21687
1022 -1.4945
1023 -11.149
1024 -8.0197
1025 4.5471
1026 9.6365
1027 9.4976
1028 5.3484
1029 8.5524
1030 10.76
1031 5.314
1032 7.186
1033 11.767
1034 5.7625
1035 5.7855
1036 11.784
1037 7.0233
1038 4.5798
1039 10.179
1040 9.4879
1041 3.8465
1042 7.2691
1043 12.603
1044 4.1594
1045 4.2688
1046 12.134
1047 7.318
1048 2.2782
1049 5.7301
1050 14.505
1051 3.1578
1052 0.69405
1053 2.435
1054 12.805
1055 6.4932
1056 -2.4787
1057 -8.0042
1058 -12.26
1059 -3.07
1060 -3.545
1061 -12.031
1062 -7.6051
1063 -1.0631
1064 -1.9307
1065 -9.6736
1066 -10.641
1067 1.1185
1068 5.102
1069 14.053
1070 4.4447
1071 1.4294
1072 4.7525
1073 15.537
1074 2.6321
1075 -1.5271
1076 -6.3865
1077 -14.65
1078 -1.5656
1079 1.1174
1080 5.2244
1081 15.917
1082 1.4099
1083 -2.6861
1084 -9.9024
1085 -10.305
1086 -1.2584
1087 -1.1896
1088 -5.8912
1089 -15.772
1090 -0.14855
1091 4.1116
1092 12.438
1093 6.9489
1094 2.0162
1095 5.2284
1096 14.818
1097 3.255
1098 0.072114
1099 -0.26251
1100 -1.7027
1101 -11.954
1102 -7.069
1103 4.3818
1104 9.7799
1105 9.5164
1106 4.96
1107 8.34
1108 11.154
1109 4.9607
1110 6.5893
1111 12.255
1112 5.7154
1113 4.9136
1114 11.477
1115 7.8629
1116 3.6714
1117 8.3458
1118 11.786
1119 3.4131
1120 4.511
1121 13.038
1122 6.1295
1123 1.8853
1124 5.3308
1125 14.98
1126 2.8833
1127 -0.29614
1128 -1.7561
1129 -10.157
1130 -9.8567
1131 2.2627
1132 7.3309
1133 12.631
1134 3.8798
1135 4.0302
1136 12.072
1137 7.4607
1138 1.9274
1139 4.661
1140 14.73
1141 3.8547
1142 -0.097617
1143 -1.0772
1144 -6.5085
1145 -15.299
1146 1.2875
1147 6.0913
1148 12.793
1149 5.3146
1150 4.0027
1151 10.846
1152 8.9274
1153 2.6839
1154 5.6265
1155 14.141
1156 3.8774
1157 1.5242
1158 5.4369
1159 15.452
1160 1.9207
1161 -1.6215
1162 -6.9006
1163 -14.197
1164 -1.1278
1165 1.4616
1166 6.6994
1167 14.598
1168 0.62866
1169 -2.624
1170 -10.361
1171 -9.7507
1172 -0.61534
1173 0.33549
1174 1.9098
1175 12.014
1176 7.2151
1177 -3.5609
1178 -9.2927
1179 -10.419
1180 -4.1225
1181 -6.7485
1182 -12.738
1183 -4.7593
1184 -4.2574
1185 -11.624
1186 -7.9329
1187 -2.6179
1188 -6.1793
1189 -14.057
1190 -3.2814
1191 -1.5238
1192 -5.8101
1193 -15.326
1194 -1.4576
1195 1.9437
1196 8.0892
1197 12.732
1198 0.83519
1199 -1.1411
1200 -5.6176
1201 -15.879
1202 -0.68158
1203 3.4499
1204 11.544
1205 8.1808
1206 1.5676
1207 3.1973
1208 13.128
1209 6.2656
1210 -0.70225
1211 -3.5466
1212 -14.167
1213 -4.9686
1214 1.0253
1215 4.5204
1216 15.168
1217 3.3342
1218 -0.95697
1219 -4.3399
1220 -15.55
1221 -2.9239
1222 1.7905
1223 7.1063
1224 13.791
1225 1.6244
1226 -0.26052
1227 -1.5043
1228 -9.4177
1229 -10.847
1230 2.6262
1231 7.8173
1232 11.941
1233 4.2973
1234 5.2352
1235 12.748
1236 6.1397
1237 3.1503
1238 8.6839
1239 11.66
1240 2.4758
1241 3.098
1242 11.681
1243 8.0722
1244 0.39812
1245 -0.38358
1246 -2.2216
1247 -13.54
1248 -5.3784
1249 3.955
1250 9.9692
1251 9.6398
1252 4.0755
1253 7.426
1254 12.36
1255 4.3463
1256 4.7164
1257 12.412
1258 6.8198
1259 2.7501
1260 7.2761
1261 13.243
1262 2.6743
1263 1.9475
1264 7.8876
1265 13.049
1266 0.56576
1267 -1.8997
1268 -8.5764
1269 -12.161
1270 -0.068009
1271 2.662
1272 11.101
1273 8.8023
1274 -0.0076646
1275 -1.848
1276 -9.1961
1277 -11.317
1278 0.83551
1279 4.5558
1280 13.869
1281 5.0281
1282 1.0939
1283 3.2083
1284 14.106
1285 5.0481
1286 -1.7387
1287 -6.5867
1288 -14.051
1289 -2.4644
1290 -0.7572
1291 -3.0217
1292 -14.673
1293 -4.3133
1294 2.8517
1295 9.0651
1296 11.132
1297 2.6607
1298 3.8878
1299 13.037
1300 6.3173
1301 0.83771
1302 1.7246
1303 9.1473
1304 11.365
1305 -1.3714
1306 -5.7106
1307 -13.738
1308 -4.3464
1309 -2.3186
1310 -7.8476
1311 -12.923
1312 -1.4896
1313 -0.14676
1314 -0.48406
1315 -3.3291
1316 -17.509
1317 -0.72061
1318 5.8099
1319 11.419
1320 7.2143
1321 5.1974
1322 10.478
1323 8.8853
1324 4.5208
1325 8.5772
1326 11.166
1327 4.3789
1328 6.2169
1329 12.751
1330 5.3688
1331 4.0733
1332 10.901
1333 8.842
1334 2.7641
1335 5.8653
1336 14.036
1337 3.7648
1338 1.7447
1339 6.3268
1340 14.757
1341 1.4828
1342 -1.3406
1343 -6.0987
1344 -15.199
1345 -1.0084
1346 2.4333
1347 9.6374
1348 10.687
1349 0.77586
1350 -0.28693
1351 -1.6367
1352 -10.579
1353 -9.1076
1354 3.2563
1355 8.7175
1356 10.992
1357 4.306
1358 6.3429
1359 12.771
1360 5.2078
1361 4.1149
1362 11.085
1363 8.6142
1364 2.7246
1365 5.9436
1366 14.05
1367 3.6396
1368 1.6933
1369 6.2209
1370 14.884
1371 1.4604
1372 -1.4935
1373 -6.6541
1374 -14.581
1375 -0.87466
1376 2.1809
1377 9.1175
1378 11.395
1379 0.49871
1380 -1.314
1381 -6.5587
1382 -14.941
1383 -0.051835
1384 3.8228
1385 12.442
1386 7.0285
1387 1.4718
1388 3.5201
1389 14.008
1390 5.1697
1391 -0.93218
1392 -4.2225
1393 -15.027
1394 -3.692
1395 1.0466
1396 4.6322
1397 15.489
1398 2.799
1399 -1.475
1400 -6.1815
1401 -14.825
1402 -1.6851
1403 1.1227
1404 5.2108
1405 15.886
1406 1.4899
1407 -2.5772
1408 -9.6376
1409 -10.651
1410 -1.2165
1411 -0.89495
1412 -4.4348
1413 -16.692
1414 -1.1752
1415 3.9698
1416 11.575
1417 7.9942
1418 2.5831
1419 6.0527
1420 14.135
1421 3.3376
1422 1.4259
1423 5.3882
1424 15.613
1425 1.7053
1426 -2.0263
1427 -8.1988
1428 -12.557
1429 -1.019
1430 0.63224
1431 3.2956
1432 15.673
1433 3.0918
1434 -3.4814
1435 -10.274
1436 -9.6013
1437 -2.848
1438 -5.4726
1439 -13.996
1440 -4.2545
1441 -1.743
1442 -6.0033
1443 -14.961
1444 -1.8169
1445 1.1018
1446 5.0951
1447 15.907
1448 1.6318
1449 -2.4993
1450 -9.3941
1451 -10.964
1452 -1.2413
1453 -0.7892
1454 -3.8707
1455 -16.504
1456 -1.8797
1457 3.8458
1458 11.106
1459 8.5622
1460 2.7841
1461 6.1123
1462 13.949
1463 3.5787
1464 1.8577
1465 6.8635
1466 14.212
1467 1.2458
1468 -1.2632
1469 -5.9051
1470 -15.462
1471 -0.9054
1472 2.8007
1473 10.462
1474 9.6016
1475 1.0155
1476 0.8717
1477 4.4839
1478 16.809
1479 0.93332
1480 -4.2338
1481 -11.832
1482 -7.6051
1483 -2.8084
1484 -6.8557
1485 -13.532
1486 -3.0496
1487 -2.0759
1488 -8.0417
1489 -12.81
1490 -0.77532
1491 1.3158
1492 6.3575
1493 15.104
1494 0.39192
1495 -3.3368
1496 -11.693
1497 -8.0238
1498 -1.1695
1499 -2.0724
1500 -10.097
1501 -10.069
1502 1.0308
1503 4.8368
1504 14.169
1505 4.4772
1506 1.0018
1507 3.1145
1508 14.103
1509 5.0419
1510 -1.9604
1511 -7.1388
1512 -13.462
1513 -2.4466
1514 -1.3859
1515 -5.8142
1516 -15.517
1517 -1.0216
1518 2.69
1519 10.168
1520 9.9815
1521 0.99917
1522 0.64667
1523 3.2914
1524 16.039
1525 2.6292
1526 -3.9705
1527 -10.844
1528 -8.7928
1529 -3.2536
1530 -6.889
1531 -13.218
1532 -3.6466
1533 -3.0467
1534 -10.417
1535 -9.6504
1536 -1.2373
1537 -1.4732
1538 -7.3002
1539 -14.007
1540 0.4133
1541 4.3027
1542 13.14
1543 6.0413
1544 1.6024
1545 4.4736
1546 15.075
1547 3.5004
1548 -0.85421
1549 -3.9607
1550 -15.322
1551 -3.4169
1552 1.8576
1553 7.1727
1554 13.642
1555 1.8385
1556 0.23934
1557 0.84022
1558 5.5779
1559 16.705
1560 -1.4548
1561 -6.5885
1562 -12.131
1563 -5.7341
1564 -5.1335
1565 -11.596
1566 -7.6208
1567 -3.8967
1568 -8.8825
1569 -11.15
1570 -3.4734
1571 -5.227
1572 -13.411
1573 -5.2728
1574 -2.4093
1575 -7.4586
1576 -13.278
1577 -1.9559
1578 -0.76241
1579 -3.3021
1580 -15.447
1581 -3.3766
1582 3.1778
1583 9.8187
1584 10.211
1585 2.6333
1586 4.5634
1587 13.838
1588 5.0934
1589 1.0709
1590 3.0927
1591 13.86
1592 5.343
1593 -1.7394
1594 -6.5559
1595 -14.038
1596 -2.5628
1597 -0.8919
1598 -3.5789
1599 -15.558
1600 -3.2157
1601 2.8114
1602 9.3242
1603 10.904
1604 2.2352
1605 3.1938
1606 12.19
1607 7.4354
1608 0.18216
1609 -0.88609
1610 -4.9858
1611 -16.802
1612 -0.15235
1613 4.8108
1614 12.392
1615 6.7057
1616 3.157
1617 8.2765
1618 12.087
1619 2.7102
1620 3.1488
1621 11.552
1622 8.232
1623 0.61726
1624 0.25286
1625 1.3323
1626 9.2018
1627 11.057
1628 -3.294
1629 -8.5322
1630 -10.962
1631 -4.8059
1632 -6.736
1633 -12.303
1634 -5.4791
1635 -4.9311
1636 -11.672
1637 -7.6237
1638 -3.579
1639 -8.38
1640 -11.795
1641 -3.2708
1642 -4.3063
1643 -12.965
1644 -6.2932
1645 -1.6337
1646 -4.4364
1647 -14.995
1648 -3.6309
1649 0.76085
1650 3.6171
1651 14.965
1652 3.9613
1653 -1.9165
1654 -7.213
1655 -13.52
1656 -2.0581
1657 -0.71978
1658 -3.0474
1659 -14.922
1660 -4.0075
1661 3.0849
1662 9.4953
1663 10.582
1664 2.7636
1665 4.5342
1666 13.68
1667 5.3101
1668 1.2236
1669 3.548
1670 14.563
1671 4.4764
1672 -1.5446
1673 -6.1253
1674 -14.575
1675 -2.3472
1676 0.025432
1677 0.50877
1678 3.3603
1679 17.3
1680 0.99017
1681 -5.5182
1682 -11.502
1683 -7.3088
1684 -4.8306
1685 -10.165
1686 -9.3988
1687 -4.1801
1688 -7.7665
1689 -12.044
1690 -4.3083
1691 -5.1151
1692 -12.689
1693 -6.2831
1694 -3.0564
1695 -8.3731
1696 -12.03
1697 -2.4978
1698 -2.8251
1699 -10.94
1700 -9.0121
1701 -0.36002
1702 0.81249
1703 4.4516
1704 16.884
1705 0.85033
1706 -4.3786
1707 -11.914
1708 -7.4531
1709 -2.9694
1710 -7.3253
1711 -13.072
1712 -2.9794
1713 -2.5482
1714 -9.6556
1715 -10.673
1716 -0.68345
1717 0.52769
1718 2.8788
1719 15.163
1720 3.6641
1721 -3.775
1722 -10.334
1723 -9.4023
1724 -3.3776
1725 -6.6206
1726 -13.291
1727 -3.9787
1728 -3.1363
1729 -10.344
1730 -9.7268
1731 -1.4671
1732 -2.0644
1733 -9.6081
1734 -10.753
1735 0.6054
1736 3.9124
1737 13.583
1738 5.6249
1739 0.40751
1740 0.42647
1741 2.4997
1742 14.874
1743 3.8494
1744 -4.4662
1745 -10.598
1746 -8.7933
1747 -4.2783
1748 -8.4056
1749 -11.443
1750 -4.1566
1751 -5.7161
1752 -12.955
1753 -5.5309
1754 -3.4412
1755 -9.7389
1756 -10.375
1757 -2.3788
1758 -3.8976
1759 -13.368
1760 -5.9073
1761 -0.52168
1762 -0.75099
1763 -4.3401
1764 -17.228
1765 -0.42557
1766 5.0355
1767 12.1
1768 6.9253
1769 3.7365
1770 9.1818
1771 10.899
1772 3.115
1773 4.9051
1774 13.591
1775 5.2351
1776 1.8204
1777 5.6613
1778 15.01
1779 2.367
1780 -0.61484
1781 -3.0677
1782 -14.566
1783 -4.4567
1784 2.6025
1785 8.6047
1786 11.726
1787 2.5208
1788 3.1275
1789 11.703
1790 8.0438
1791 0.4467
1792 -0.21983
1793 -1.3113
1794 -9.1012
1795 -11.208
1796 3.2931
1797 8.5165
1798 10.96
1799 4.8418
1800 6.7571
1801 12.271
1802 5.5036
1803 4.982
1804 11.686
1805 7.5842
1806 3.6397
1807 8.5125
1808 11.636
1809 3.2913
1810 4.4935
1811 13.133
1812 6.017
1813 1.7635
1814 5.0116
1815 15.101
1816 3.0409
1817 -0.56104
1818 -2.8469
1819 -13.824
1820 -5.3393
1821 2.3217
1822 7.8863
1823 12.541
1824 2.6464
1825 2.6161
1826 10.179
1827 9.9949
1828 0.44993
1829 -0.89761
1830 -4.7888
1831 -16.69
1832 -0.71703
1833 4.2006
1834 11.974
1835 7.4562
1836 2.6197
1837 6.5143
1838 13.886
1839 3.0142
1840 1.5703
1841 6.1731
1842 15.053
1843 1.1722
1844 -2.0675
1845 -8.6033
1846 -12.068
1847 -0.67745
1848 1.1712
1849 5.8379
1850 15.724
1851 0.44517
1852 -3.6534
1853 -11.929
1854 -7.6789
1855 -1.6335
1856 -3.6692
1857 -14.012
1858 -5.1497
1859 0.63208
1860 3.2214
1861 13.949
1862 5.2452
1863 -1.4974
1864 -5.9206
1865 -14.611
1866 -2.6507
1867 -0.20905
1868 -0.47628
1869 -3.0986
1870 -16.875
1871 -1.5584
1872 5.3443
1873 11.33
1874 7.5949
1875 4.7817
1876 9.8947
1877 9.714
1878 4.2213
1879 7.5271
1880 12.204
1881 4.464
1882 4.9941
1883 12.503
1884 6.5797
1885 3.0619
1886 8.1667
1887 12.242
1888 2.6235
1889 2.8591
1890 10.902
1891 9.0601
1892 0.47079
1893 -0.49802
1894 -2.8012
1895 -15.209
1896 -3.5799
1897 4.0215
1898 10.521
1899 9.0964
1900 3.6431
1901 7.3043
1902 12.696
1903 3.8957
1904 3.9592
1905 11.957
1906 7.6163
1907 1.8903
1908 4.4609
1909 14.637
1910 4.0979
1911 -0.16971
1912 -1.4027
1913 -8.1602
1914 -12.806
1915 1.668
1916 6.3703
1917 13.092
1918 4.5773
1919 3.6111
1920 10.814
1921 9.0661
1922 2.0495
1923 4.0046
1924 13.928
1925 5.1858
1926 0.090367
1927 -0.62739
1928 -3.7814
1929 -17.189
1930 -0.97664
1931 5.0068
1932 11.765
1933 7.317
1934 4.0048
1935 9.2753
1936 10.695
1937 3.4496
1938 5.62
1939 13.496
1940 4.8488
1941 2.64
1942 8.4064
1943 12.163
1944 1.747
1945 1.2249
1946 5.6254
1947 15.873
1948 0.67918
1949 -3.4483
1950 -11.544
1951 -8.1806
1952 -1.5635
1953 -3.1855
1954 -13.106
1955 -6.2926
1956 0.70771
1957 3.5663
1958 14.186
1959 4.9426
1960 -1.0078
1961 -4.4644
1962 -15.163
1963 -3.3765
1964 1.0001
1965 4.4911
1966 15.566
1967 2.7984
1968 -1.7037
1969 -6.8869
1970 -14.068
1971 -1.5777
1972 0.57435
1973 2.9427
1974 14.68
1975 4.2874
1976 -3.0496
1977 -9.3674
1978 -10.724
1979 -2.8235
1980 -4.5328
1981 -13.618
1982 -5.3896
1983 -1.2945
1984 -3.7626
1985 -14.798
1986 -4.1477
1987 1.4434
1988 5.8674
1989 14.846
1990 2.3017
1991 -0.43433
1992 -2.3068
1993 -12.552
1994 -6.7652
1995 2.6283
1996 8.2194
1997 11.959
1998 3.2342
1999 4.0871
2000 12.737
2001 6.6383
2002 1.4762
2003 3.739
2004 14.403
2005 4.6504
2006 -0.9725
2007 -4.3507
2008 -15.204
2009 -3.3899
2010 1.1829
2011 5.1229
2012 15.459
2013 2.345
2014 -1.3795
2015 -5.9705
2016 -15.12
2017 -1.529
2018 1.6363
2019 7.1062
2020 14.011
2021 0.87022
2022 -1.8123
2023 -8.0505
2024 -12.855
2025 -0.34888
2026 2.2891
2027 9.8974
2028 10.369
2029 0.037902
2030 -2.1582
2031 -10.009
2032 -10.211
2033 0.52805
2034 3.6134
2035 13.366
2036 5.95
2037 0.060245
2038 -0.91796
2039 -5.3245
2040 -16.641
2041 0.32194
2042 5.2289
2043 12.602
2044 6.2225
2045 3.4706
2046 9.262
2047 10.907
2048 2.6776
2049 4.1052
2050 13.321
2051 5.9149
2052 0.94253
2053 2.2619
2054 11.337
2055 8.3967
2056 -1.578
2057 -6.0229
2058 -14.033
2059 -3.5121
2060 -1.6803
2061 -6.2572
2062 -14.873
2063 -1.3875
2064 1.5886
2065 7.0126
2066 14.154
2067 0.78138
2068 -2.0703
2069 -8.8905
2070 -11.711
2071 -0.35694
2072 1.7968
2073 8.4677
2074 12.331
2075 -0.22066
2076 -3.3858
2077 -12.556
2078 -6.9682
2079 -0.42523
2080 -0.06434
2081 -0.31204
2082 -2.3567
2083 -15.837
2084 -2.5261
2085 5.8075
2086 10.673
2087 7.9685
2088 5.7728
2089 10.066
2090 9.0381
2091 5.3501
2092 8.9951
2093 10.355
2094 5.1854
2095 7.6043
2096 11.593
2097 5.4616
2098 6.1079
2099 12.009
2100 6.5013
2101 4.7577
2102 10.748
2103 8.7756
2104 3.8355
2105 7.8586
2106 12.151
2107 3.8535
2108 4.6126
2109 12.739
2110 6.4599
2111 2.3189
2112 6.4022
2113 14.189
2114 2.6106
2115 0.75811
2116 2.9567
2117 14.465
2118 4.5594
2119 -2.7713
2120 -8.873
2121 -11.361
2122 -2.6774
2123 -3.7283
2124 -12.764
2125 -6.6815
2126 -0.79269
2127 -1.4231
2128 -7.7017
2129 -13.486
2130 1.0835
2131 5.4296
2132 13.446
2133 5.0084
2134 2.6246
2135 8.247
2136 12.348
2137 1.8225
2138 1.2496
2139 5.6793
2140 15.803
2141 0.70229
2142 -3.3605
2143 -11.433
2144 -8.331
2145 -1.4732
2146 -2.8383
2147 -12.315
2148 -7.2543
2149 0.8062
2150 3.9545
2151 14.374
2152 4.6308
2153 -0.50953
2154 -2.7467
2155 -13.071
2156 -6.2694
2157 1.7811
2158 6.575
2159 13.886
2160 2.8451
2161 1.4011
2162 5.6039
2163 15.591
2164 1.3434
2165 -2.3651
2166 -9.2573
2167 -11.171
2168 -0.96569
2169 0.021162
2170 0.26122
2171 1.8716
2172 13.441
2173 5.1451
2174 -5.1298
2175 -10.233
2176 -8.7358
2177 -5.4468
2178 -9.3064
2179 -10.002
2180 -5.2038
2181 -7.9882
2182 -11.306
2183 -5.3409
2184 -6.5036
2185 -12.026
2186 -6.1342
2187 -5.0963
2188 -11.268
2189 -8.0263
2190 -4.031
2191 -8.7442
2192 -11.233
2193 -3.7101
2194 -5.4598
2195 -13.272
2196 -5.2941
2197 -2.8159
2198 -8.5355
2199 -11.951
2200 -1.9923
2201 -1.8985
2202 -8.3269
2203 -12.511
2204 -0.032262
2205 2.8684
2206 11.515
2207 8.2799
2208 0.16729
2209 -1.1725
2210 -6.3291
2211 -15.37
2212 0.40502
2213 4.7654
2214 12.975
2215 6.0342
2216 2.4813
2217 7.1337
2218 13.532
2219 2.3233
2220 1.1306
2221 4.7837
2222 16.166
2223 1.6174
2224 -2.9204
2225 -10.199
2226 -9.891
2227 -1.5978
2228 -2.3202
2229 -10.407
2230 -9.6839
2231 0.53249
2232 3.5249
2233 13.362
2234 5.9649
2235 -0.12642
2236 -1.5786
2237 -8.6052
2238 -12.151
2239 1.3365
2240 5.7174
2241 13.598
2242 4.5429
2243 2.567
2244 8.4327
2245 12.161
2246 1.5866
2247 0.87913
2248 4.0858
2249 16.424
2250 1.8687
2251 -3.5413
2252 -10.865
2253 -8.9392
2254 -2.4045
2255 -4.9718
2256 -14.32
2257 -4.2069
2258 -0.8549
2259 -2.658
2260 -13.101
2261 -6.1999
2262 2.0997
2263 7.3028
2264 13.129
2265 2.8345
2266 2.2927
2267 8.9705
2268 11.59
2269 0.5821
2270 -1.1869
2271 -5.9703
2272 -15.62
2273 -0.2985
2274 3.7979
2275 12.164
2276 7.3653
2277 1.6981
2278 4.0386
2279 14.475
2280 4.4858
2281 -0.54106
2282 -2.8484
2283 -13.363
2284 -5.9238
2285 1.8069
2286 6.6664
2287 13.845
2288 2.7349
2289 1.3305
2290 5.3826
2291 15.773
2292 1.4116
2293 -2.5034
2294 -9.5277
2295 -10.804
2296 -1.1097
2297 -0.53661
2298 -2.6341
2299 -14.488
2300 -4.4146
2301 3.6668
2302 10.018
2303 9.7615
2304 3.4873
2305 6.5005
2306 13.273
2307 4.1932
2308 3.2407
2309 10.397
2310 9.6426
2311 1.6341
2312 2.5615
2313 11.195
2314 8.6647
2315 -0.53472
2316 -3.3528
2317 -13.328
2318 -6.0181
2319 0.47761
2320 2.7882
2321 12.807
2322 6.6189
2323 -1.3786
2324 -5.5395
2325 -14.62
2326 -3.1854
2327 -0.48361
2328 -1.5174
2329 -9.0089
2330 -11.508
2331 2.122
2332 7.0654
2333 12.682
2334 4.2663
2335 4.2083
2336 11.972
2337 7.5321
2338 2.2999
2339 5.6486
2340 14.499
2341 3.2759
2342 0.74367
2343 2.5977
2344 13.261
2345 5.9697
2346 -2.448
2347 -8.0269
2348 -12.293
2349 -2.9013
2350 -3.2603
2351 -11.612
2352 -8.1496
2353 -0.81092
2354 -0.89458
2355 -4.8116
2356 -16.846
2357 -0.39729
2358 4.6238
2359 12.238
2360 6.975
2361 3.0408
2362 7.83
2363 12.583
2364 2.7838
2365 2.7932
2366 10.557
2367 9.5013
2368 0.58239
2369 -0.33286
2370 -1.9018
2371 -12.012
2372 -7.2106
2373 3.5912
2374 9.3191
2375 10.379
2376 4.151
2377 6.8192
2378 12.686
2379 4.7494
2380 4.3476
2381 11.736
2382 7.7714
2383 2.6861
2384 6.4542
2385 13.87
2386 3.1618
2387 1.723
2388 6.6615
2389 14.508
2390 1.0872
2391 -1.7628
2392 -7.748
2393 -13.239
2394 -0.52979
2395 2.071
2396 9.1186
2397 11.415
2398 0.10566
2399 -2.3145
2400 -10.292
2401 -9.8425
2402 0.28233
2403 2.8856
2404 12.159
2405 7.4623
2406 -0.43113
2407 -2.8493
2408 -12.608
2409 -6.8859
2410 0.99533
2411 4.479
2412 14.738
2413 3.9405
2414 -0.27866
2415 -1.805
2416 -10.061
2417 -10.031
2418 1.949
2419 6.7792
2420 13.169
2421 3.8606
2422 3.2612
2423 10.724
2424 9.2419
2425 1.4594
2426 2.3096
2427 10.567
2428 9.4649
2429 -0.70665
2430 -3.948
2431 -13.892
2432 -5.2349
2433 -0.10026
2434 0.60227
2435 3.6315
2436 17.078
2437 1.2038
2438 -4.9494
2439 -11.657
2440 -7.4659
2441 -4.0257
2442 -9.1858
2443 -10.782
2444 -3.5165
2445 -5.6383
2446 -13.444
2447 -4.9084
2448 -2.7307
2449 -8.6039
2450 -11.905
2451 -1.792
2452 -1.5048
2453 -6.8611
2454 -14.502
2455 -0.19596
2456 3.3545
2457 11.926
2458 7.7399
2459 0.98417
2460 1.6177
2461 8.3541
2462 12.521
2463 -0.97644
2464 -5.0589
2465 -13.695
2466 -4.9532
2467 -1.93
2468 -6.1979
2469 -14.657
2470 -2.0444
2471 0.47332
2472 2.4736
2473 13.209
2474 5.9822
2475 -2.7657
2476 -8.566
2477 -11.603
2478 -3.1061
2479 -4.2454
2480 -13.054
2481 -6.2028
2482 -1.4481
2483 -3.875
2484 -14.671
2485 -4.2828
2486 1.0768
2487 4.7031
2488 15.341
2489 2.9543
2490 -1.1507
2491 -5.0648
2492 -15.592
2493 -2.2021
2494 1.6754
2495 6.9742
2496 14.061
2497 1.277
2498 -1.0927
2499 -5.2218
2500 -16.022
2501 -1.2207
2502 2.9855
2503 10.546
2504 9.4655
2505 1.4232
2506 2.0874
2507 9.7619
2508 10.542
2509 -0.67159
2510 -4.0356
2511 -13.738
2512 -5.4006
2513 -0.44695
2514 -0.64295
2515 -3.7864
2516 -17.177
2517 -0.99053
2518 4.9855
2519 11.764
2520 7.3295
2521 3.9783
2522 9.2287
2523 10.755
2524 3.4336
2525 5.5411
2526 13.505
2527 4.9052
2528 2.5702
2529 8.1738
2530 12.451
2531 1.767
2532 1.0584
2533 4.8268
2534 16.36
2535 1.237
2536 -3.417
2537 -11.102
2538 -8.7072
2539 -1.9139
2540 -3.8706
2541 -13.92
2542 -5.2286
2543 0.13987
2544 1.4855
2545 8.3225
2546 12.566
2547 -1.4472
2548 -5.966
2549 -13.398
2550 -4.5793
2551 -3.0017
2552 -9.5367
2553 -10.731
2554 -1.7205
2555 -2.1222
2556 -9.5065
2557 -10.897
2558 0.33434
2559 3.271
2560 12.695
2561 6.8036
2562 0.010119
2563 -1.2936
2564 -7.1271
2565 -14.323
2566 0.90244
2567 5.2772
2568 13.294
2569 5.3245
2570 2.7
2571 8.2167
2572 12.349
2573 1.9824
2574 1.5739
2575 6.99
2576 14.306
2577 0.29579
2578 -3.0722
2579 -11.47
2580 -8.3282
2581 -0.7468
2582 -0.62151
2583 -3.346
2584 -16.353
2585 -2.2257
2586 4.2937
2587 11.155
2588 8.3218
2589 3.518
2590 7.7287
2591 12.428
2592 3.5127
2593 3.9318
2594 12.26
2595 7.2563
2596 1.6073
2597 3.8224
2598 14.311
2599 4.7492
2600 -0.70301
2601 -3.4401
2602 -14.409
2603 -4.6744
2604 1.5526
2605 6.1262
2606 14.541
2607 2.4141
2608 0.089431
2609 -0.0037447
2610 -0.037368
2611 -0.30536
2612 -2.7778
2613 -18.22
2614 0.20759
2615 7.0679
2616 10.229
2617 7.5835
2618 7.0611
2619 10.224
2620 7.9738
2621 6.6891
2622 10.027
2623 8.491
2624 6.3654
2625 9.6355
2626 9.1325
2627 6.123
2628 9.0502
2629 9.8627
2630 6.0047
2631 8.298
2632 10.591
2633 6.0695
2634 7.4331
2635 11.146
2636 6.4006
2637 6.5317
2638 11.28
2639 7.1119
2640 5.6862
2641 10.744
2642 8.3306
2643 5.0081
2644 9.4455
2645 10.083
2646 4.6553
2647 7.5775
2648 11.921
2649 4.9186
2650 5.567
2651 12.37
2652 6.4199
2653 3.8833
2654 9.804
2655 10.161
2656 3.0369
2657 5.3949
2658 13.822
2659 4.5767
2660 1.983
2661 6.6166
2662 14.321
2663 1.7667
2664 -0.50035
2665 -2.5998
2666 -13.719
2667 -5.3819
2668 2.9211
2669 8.9191
2670 11.204
2671 3.0509
2672 4.5243
2673 13.387
2674 5.6859
2675 1.5431
2676 4.4713
2677 15.171
2678 3.37
2679 -1.0193
2680 -4.5595
2681 -15.573
2682 -2.736
2683 1.6764
2684 6.8217
2685 14.153
2686 1.5542
2687 -0.68689
2688 -3.4426
2689 -15.56
2690 -3.2291
2691 3.052
2692 9.6964
2693 10.398
2694 2.4565
2695 4.0481
2696 13.49
2697 5.7203
2698 0.66336
2699 1.3313
2700 7.4572
2701 13.861
2702 -1.2232
2703 -5.7384
2704 -13.268
2705 -4.9882
2706 -3.1075
2707 -9.4628
2708 -10.791
2709 -1.9602
2710 -2.6545
2711 -11.057
2712 -8.8558
2713 0.16333
2714 2.3207
2715 10.845
2716 9.0952
2717 -0.82311
2718 -4.2026
2719 -14.159
2720 -4.8178
2721 -0.18729
2722 0.17052
2723 1.0768
2724 7.9821
2725 12.965
2726 -3.3736
2727 -8.425
2728 -10.794
2729 -5.3357
2730 -7.1445
2731 -11.774
2732 -5.8027
2733 -5.7589
2734 -11.75
2735 -7.082
2736 -4.5715
2737 -10.124
2738 -9.5516
2739 -3.8582
2740 -7.2293
2741 -12.623
2742 -4.1941
2743 -4.2602
2744 -12.095
2745 -7.3682
2746 -2.2937
2747 -5.7392
2748 -14.488
2749 -3.1744
2750 -0.7318
2751 -2.5902
2752 -13.278
2753 -5.9444
2754 2.4886
2755 8.1052
2756 12.198
2757 2.916
2758 3.3763
2759 11.848
2760 7.8483
2761 0.86724
2762 1.1976
2763 6.3885
2764 15.314
2765 -0.5063
2766 -4.9053
2767 -13.026
2768 -5.8959
2769 -2.6072
2770 -7.5655
2771 -13.063
2772 -2.2426
2773 -1.453
2774 -6.2537
2775 -15.13
2776 -0.70978
2777 2.8385
2778 10.69
2779 9.3152
2780 0.89402
2781 0.65203
2782 3.3977
2783 16.286
2784 2.3074
2785 -4.1207
2786 -11.056
2787 -8.5034
2788 -3.3212
2789 -7.2393
2790 -12.933
2791 -3.522
2792 -3.3254
2793 -11.162
2794 -8.697
2795 -1.2829
2796 -2.0869
2797 -9.9704
2798 -10.25
2799 0.86463
2800 4.4608
2801 14.051
2802 4.843
2803 0.71591
2804 1.8569
2805 10.09
2806 10.008
2807 -1.8062
2808 -6.5099
2809 -13.413
2810 -3.8576
2811 -2.8792
2812 -9.8181
2813 -10.417
2814 -1.2981
2815 -1.2345
2816 -6.0737
2817 -15.562
2818 -0.095601
2819 4.0705
2820 12.483
2821 6.9093
2822 1.8976
2823 4.9026
2824 14.888
2825 3.4546
2826 -0.18505
2827 -1.3661
2828 -8.1255
2829 -12.855
2830 1.8176
2831 6.6171
2832 12.889
2833 4.5802
2834 3.974
2835 11.398
2836 8.2827
2837 2.3038
2838 5.1658
2839 14.486
2840 3.8141
2841 0.70623
2842 2.2197
2843 11.829
2844 7.7008
2845 -2.2069
2846 -7.3689
2847 -12.866
2848 -3.2916
2849 -3.1643
2850 -11.016
2851 -8.8963
2852 -1.0593
2853 -1.3284
2854 -6.8113
2855 -14.707
2856 0.44505
2857 4.5909
2858 13.104
2859 5.9622
2860 2.0886
2861 6.0569
2862 14.577
2863 2.5016
2864 0.12811
2865 0.1508
2866 0.98508
2867 7.6606
2868 13.475
2869 -3.5981
2870 -8.529
2871 -10.519
2872 -5.6398
2873 -7.527
2874 -11.365
2875 -5.9473
2876 -6.3739
2877 -11.634
2878 -6.7822
2879 -5.3031
2880 -10.872
2881 -8.387
2882 -4.488
2883 -8.9746
2884 -10.799
2885 -4.1932
2886 -6.4435
2887 -12.816
2888 -5.023
2889 -4.086
2890 -11.194
2891 -8.4935
2892 -2.6141
2893 -5.7777
2894 -14.184
2895 -3.6324
2896 -1.4342
2897 -5.2404
2898 -15.617
2899 -1.9305
2900 1.8594
2901 7.6271
2902 13.282
2903 1.1141
2904 -0.86539
2905 -4.323
2906 -16.377
2907 -1.7603
2908 3.3387
2909 10.706
2910 9.184
2911 2.1159
2912 4.0974
2913 13.963
2914 5.1156
2915 0.20727
2916 -0.17202
2917 -1.0803
2918 -7.9719
2919 -12.986
2920 3.3365
2921 8.396
2922 10.836
2923 5.3128
2924 7.0888
2925 11.817
2926 5.8053
2927 5.6846
2928 11.737
2929 7.1464
2930 4.4946
2931 9.9972
2932 9.7222
2933 3.8082
2934 7.0112
2935 12.794
2936 4.2549
2937 4.0399
2938 11.763
2939 7.8296
2940 2.169
2941 5.1069
2942 14.621
2943 3.6683
2944 0.4252
2945 1.109
2946 6.7254
2947 14.996
2948 -1.4561
2949 -6.2812
2950 -12.747
2951 -5.1889
2952 -4.1604
2953 -11.158
2954 -8.5138
2955 -2.7532
2956 -6.0796
2957 -13.985
2958 -3.5625
2959 -1.7872
2960 -6.6191
2961 -14.488
2962 -1.2993
2963 1.391
2964 6.3595
2965 14.961
2966 0.81927
2967 -2.542
2968 -10.024
2969 -10.185
2970 -0.7114
2971 0.24333
2972 1.4138
2973 9.4513
2974 10.716
2975 -3.1314
2976 -8.4131
2977 -11.186
2978 -4.597
2979 -6.3499
2980 -12.57
2981 -5.5008
2982 -4.3875
2983 -11.18
2984 -8.4151
2985 -3.0882
2986 -6.8618
2987 -13.343
2988 -3.4436
2989 -2.7077
2990 -9.7089
2991 -10.582
2992 -1.0086
2993 -0.38254
2994 -1.8665
2995 -11.688
2996 -7.6475
2997 3.4067
2998 9.0784
2999 10.679
3000 4.0825
3001 6.4483
3002 12.889
3003 4.9019
3004 3.9709
3005 11.131
3006 8.6001
3007 2.4656
3008 5.3523
3009 14.346
3010 3.8474
3011 1.0511
3012 3.6071
3013 15.11
3014 3.7814
3015 -2.144
3016 -7.8105
3017 -12.817
3018 -2.0377
3019 -1.3025
3020 -5.7519
3021 -15.678
3022 -0.80668
3023 3.1175
3024 11.045
3025 8.8413
3026 1.2709
3027 1.979
3028 9.54
3029 10.84
3030 -0.82374
3031 -4.4513
3032 -13.928
3033 -5.0042
3034 -0.86962
3035 -2.3781
3036 -11.995
3037 -7.5482
3038 1.8416
3039 6.6332
3040 13.65
3041 3.2058
3042 2.0706
3043 7.8977
3044 12.983
3045 0.88061
3046 -1.1789
3047 -5.7479
3048 -15.737
3049 -0.67107
3050 3.349
3051 11.447
3052 8.317
3053 1.434
3054 2.7294
3055 12.048
3056 7.5789
3057 -0.84757
3058 -4.1045
3059 -14.416
3060 -4.5296
3061 0.31723
3062 2.029
3063 10.813
3064 9.0385
3065 -1.8376
3066 -6.5768
3067 -13.494
3068 -3.6057
3069 -2.6099
3070 -9.2928
3071 -11.119
3072 -1.0866
3073 -0.31353
3074 -1.4658
3075 -9.6079
3076 -10.504
3077 3.0412
3078 8.3397
3079 11.319
3080 4.478
3081 6.1148
3082 12.7
3083 5.5426
3084 4.0702
3085 10.759
3086 9.0084
3087 2.8376
3088 5.9001
3089 13.967
3090 3.8346
3091 1.8897
3092 6.7991
3093 14.245
3094 1.3847
3095 -1.0493
3096 -5.0098
3097 -16.102
3098 -1.4177
3099 2.9295
3100 10.331
3101 9.7339
3102 1.4901
3103 2.1226
3104 9.8077
3105 10.482
3106 -0.60127
3107 -3.8505
3108 -13.581
3109 -5.6426
3110 -0.29268
3111 -0.00033034
3112 0.040555
3113 0.31437
3114 2.7732
3115 18.017
3116 0.048627
3117 -6.9191
3118 -10.37
3119 -7.5469
3120 -6.8719
3121 -10.323
3122 -8.0141
3123 -6.4647
3124 -10.039
3125 -8.6371
3126 -6.1236
3127 -9.5176
3128 -9.406
3129 -5.8921
3130 -8.7724
3131 -10.257
3132 -5.8298
3133 -7.8541
3134 -11.032
3135 -6.0232
3136 -6.8476
3137 -11.453
3138 -6.5994
3139 -5.8614
3140 -11.17
3141 -7.7275
3142 -5.0222
3143 -9.9609
3144 -9.5349
3145 -4.4968
3146 -7.9695
3147 -11.711
3148 -4.5837
3149 -5.7108
3150 -12.638
3151 -5.9667
3152 -3.7861
3153 -10.006
3154 -9.9639
3155 -2.7904
3156 -5.0767
3157 -13.971
3158 -4.6159
3159 -1.492
3160 -4.886
3161 -15.477
3162 -2.593
3163 1.3785
3164 5.9097
3165 15.12
3166 1.6657
3167 -1.4658
3168 -6.475
3169 -14.746
3170 -1.0365
3171 2.0279
3172 8.5813
3173 12.111
3174 0.55595
3175 -1.4816
3176 -7.1583
3177 -14.13
3178 -0.035701
3179 3.487
3180 12.246
3181 7.3323
3182 0.96687
3183 1.7388
3184 8.9656
3185 11.636
3186 -1.1308
3187 -5.2456
3188 -13.846
3189 -4.6147
3190 -1.8738
3191 -6.2263
3192 -14.695
3193 -1.8925
3194 0.70832
3195 3.4915
3196 15.458
3197 3.3545
3198 -2.8222
3199 -9.2964
3200 -10.927
3201 -2.2976
3202 -3.312
3203 -12.385
3204 -7.1898
3205 -0.27354
3206 0.51395
3207 2.9882
3208 15.895
3209 2.7781
3210 -4.3851
3211 -10.951
3212 -8.4894
3213 -3.842
3214 -8.1026
3215 -11.933
3216 -3.7485
3217 -4.7581
3218 -12.941
3219 -6.145
3220 -2.3407
3221 -6.6717
3222 -13.995
3223 -2.4269
3224 -0.7764
3225 -3.1271
3226 -14.906
3227 -4.0404
3228 2.8789
3229 9.1819
3230 11.005
3231 2.5917
3232 3.8567
3233 13.065
3234 6.2895
3235 0.75248
3236 1.4364
3237 7.8474
3238 13.274
3239 -1.1912
3240 -5.5903
3241 -13.441
3242 -4.8818
3243 -2.751
3244 -8.6768
3245 -11.815
3246 -1.7841
3247 -1.551
3248 -7.0727
3249 -14.231
3250 -0.12812
3251 3.3541
3252 12.007
3253 7.6409
3254 0.90323
3255 1.4001
3256 7.3957
3257 13.919
3258 -0.83075
3259 -5.057
3260 -13.398
3261 -5.3399
3262 -2.3339
3263 -7.1944
3264 -13.573
3265 -2.0076
3266 -0.58812
3267 -2.4479
3268 -13.352
3269 -5.7799
3270 3.0088
3271 8.9603
3272 11.101
3273 3.2389
3274 4.923
3275 13.488
3276 5.3601
3277 1.9682
3278 6.0642
3279 14.691
3280 2.256
3281 -0.27312
3282 -1.6024
3283 -9.6562
3284 -10.535
3285 2.4153
3286 7.5386
3287 12.31
3288 4.1133
3289 4.6307
3290 12.534
3291 6.7045
3292 2.5235
3293 6.7884
3294 13.777
3295 2.6507
3296 1.3141
3297 5.3687
3298 15.805
3299 1.3756
3300 -2.5771
3301 -9.7053
3302 -10.57
3303 -1.1449
3304 -0.7496
3305 -3.7341
3306 -16.463
3307 -1.9937
3308 3.9208
3309 11.097
3310 8.5428
3311 2.9313
3312 6.4432
3313 13.694
3314 3.5223
3315 2.2508
3316 8.2558
3317 12.486
3318 1.0319
3319 -0.56264
3320 -2.9654
3321 -15.067
3322 -3.8082
3323 3.4506
3324 9.9973
3325 9.8959
3326 3.0636
3327 5.6591
3328 13.811
3329 4.3491
3330 2.1529
3331 7.3258
3332 13.561
3333 1.5359
3334 -0.23531
3335 -1.3809
3336 -8.8074
3337 -11.762
3338 2.5623
3339 7.6889
3340 11.966
3341 4.4982
3342 5.3281
3343 12.624
3344 6.2426
3345 3.3783
3346 9.0717
3347 11.15
3348 2.6312
3349 3.8169
3350 12.959
3351 6.4267
3352 0.77937
3353 1.4772
3354 8.0104
3355 13.031
3356 -1.1934
3357 -5.5581
3358 -13.499
3359 -4.8297
3360 -2.6403
3361 -8.4213
3362 -12.146
3363 -1.738
3364 -1.2177
3365 -5.5988
3366 -15.899
3367 -0.68762
3368 3.4588
3369 11.548
3370 8.1744
3371 1.5835
3372 3.2476
3373 13.223
3374 6.1499
3375 -0.68066
3376 -3.4673
3377 -14.086
3378 -5.0754
3379 1.0962
3380 4.7439
3381 15.157
3382 3.1841
3383 -0.7754
3384 -3.6776
3385 -15.175
3386 -3.685
3387 2.0954
3388 7.7176
3389 12.945
3390 1.9849
3391 1.0978
3392 4.8586
3393 16.266
3394 1.3534
3395 -3.2099
3396 -10.782
3397 -9.1336
3398 -1.7461
3399 -3.1608
3400 -12.76
3401 -6.7234
3402 0.42282
3403 2.707
3404 12.43
3405 7.0855
3406 -1.2197
3407 -5.1146
3408 -14.7
3409 -3.5218
3410 -0.28663
3411 -0.57425
3412 -3.6038
3413 -17.333
3414 -0.86732
3415 5.3395
3416 11.676
3417 7.2263
3418 4.4845
3419 9.9219
3420 9.8086
3421 3.8257
3422 6.9583
3423 12.815
3424 4.3052
3425 4.0293
3426 11.706
3427 7.9007
3428 2.1909
3429 5.1201
3430 14.599
3431 3.6882
3432 0.47217
3433 1.2978
3434 7.7433
3435 13.443
3436 -1.7423
3437 -6.5369
3438 -12.856
3439 -4.7356
3440 -4.041
3441 -11.365
3442 -8.3036
3443 -2.4357
3444 -5.4823
3445 -14.38
3446 -3.6623
3447 -1.0186
3448 -3.5666
3449 -15.123
3450 -3.7702
3451 2.2366
3452 8.0264
3453 12.546
3454 2.0696
3455 1.5867
3456 6.9676
3457 14.321
3458 0.36231
3459 -2.9544
3460 -11.222
3461 -8.6446
3462 -0.68468
3463 -0.30459
3464 -1.594
3465 -10.61
3466 -9.0122
3467 3.4958
3468 8.9501
3469 10.658
3470 4.4919
3471 6.8557
3472 12.451
3473 5.0922
3474 4.7504
3475 11.842
3476 7.4963
3477 3.2167
3478 7.8099
3479 12.512
3480 3.0554
3481 3.2636
3482 11.467
3483 8.3292
3484 0.93096
3485 1.1938
3486 6.283
3487 15.427
3488 -0.37999
3489 -4.7484
3490 -12.952
3491 -6.071
3492 -2.4838
3493 -7.1153
3494 -13.546
3495 -2.3411
3496 -1.1431
3497 -4.8279
3498 -16.149
3499 -1.5905
3500 2.9025
3501 10.185
3502 9.913
3503 1.5652
3504 2.2214
3505 10.085
3506 10.11
3507 -0.54417
3508 -3.6354
3509 -13.416
3510 -5.8851
3511 -0.049787
3512 0.93979
3513 5.4502
3514 16.522
3515 -0.40728
3516 -5.2713
3517 -12.656
3518 -6.1307
3519 -3.4608
3520 -9.3139
3521 -10.852
3522 -2.6355
3523 -4.0669
3524 -13.317
3525 -5.9305
3526 -0.88032
3527 -2.0333
3528 -10.503
3529 -9.4798
3530 1.5554
3531 5.9886
3532 13.888
3533 3.797
3534 2.0325
3535 7.3202
3536 13.641
3537 1.2679
3538 -0.80179
3539 -4.0013
3540 -16.205
3541 -2.2217
3542 3.2294
3543 10.342
3544 9.6289
3545 2.2191
3546 4.0557
3547 13.78
3548 5.3566
3549 0.35206
3550 0.30296
3551 1.7853
3552 12.033
3553 7.0541
3554 -4.1021
3555 -9.6791
3556 -9.7692
3557 -4.6456
3558 -7.8739
3559 -11.706
3560 -4.7871
3561 -5.8162
3562 -12.496
3563 -6.0778
3564 -4.0331
3565 -10.288
3566 -9.564
3567 -3.0254
3568 -5.8532
3569 -13.822
3570 -4.1239
3571 -2.1868
3572 -7.5955
3573 -13.263
3574 -1.3968
3575 0.28107
3576 1.5937
3577 9.9773
3578 10.019
3579 -2.81
3580 -8.1145
3581 -11.683
3582 -4.1979
3583 -5.4726
3584 -12.894
3585 -5.7969
3586 -3.2727
3587 -9.1994
3588 -11.044
3589 -2.3936
3590 -3.4262
3591 -12.516
3592 -7.0215
3593 -0.40353
3594 0.026158
3595 0.2119
3596 1.6053
3597 12.354
3598 6.322
3599 -5.2065
3600 -9.9492
3601 -8.8995
3602 -5.784
3603 -9.2448
3604 -9.877
3605 -5.5933
3606 -8.2435
3607 -10.881
3608 -5.6636
3609 -7.0881
3610 -11.592
3611 -6.1468
3612 -5.9202
3613 -11.514
3614 -7.271
3615 -4.9027
3616 -10.25
3617 -9.2734
3618 -4.2388
3619 -7.9443
3620 -11.868
3621 -4.2991
3622 -5.331
3623 -12.779
3624 -6.0405
3625 -3.2331
3626 -8.9331
3627 -11.356
3628 -2.4735
3629 -3.3423
3630 -12.248
3631 -7.3582
3632 -0.46102
3633 -0.056533
3634 -0.25772
3635 -1.9388
3636 -14.083
3637 -4.3527
3638 5.4765
3639 10.322
3640 8.4664
3641 5.7304
3642 9.6281
3643 9.5234
3644 5.4308
3645 8.5603
3646 10.708
3647 5.3996
3648 7.2692
3649 11.667
3650 5.8113
3651 5.9344
3652 11.76
3653 6.9523
3654 4.7616
3655 10.396
3656 9.172
3657 3.9965
3658 7.7422
3659 12.162
3660 4.1037
3661 4.8161
3662 12.683
3663 6.4405
3664 2.6618
3665 7.325
3666 13.254
3667 2.498
3668 1.6788
3669 6.9907
3670 14.226
3671 0.63008
3672 -2.398
3673 -9.8664
3674 -10.402
3675 -0.42548
3676 1.1169
3677 5.798
3678 15.878
3679 0.16632
3680 -4.1504
3681 -12.428
3682 -6.9468
3683 -2.094
3684 -5.4545
3685 -14.734
3686 -3.1323
3687 -0.24773
3688 -0.5169
3689 -3.2961
3690 -17.077
3691 -1.2944
3692 5.3098
3693 11.471
3694 7.4661
3695 4.6254
3696 9.8651
3697 9.8127
3698 4.0328
3699 7.2199
3700 12.526
3701 4.4006
3702 4.5057
3703 12.184
3704 7.1789
3705 2.6133
3706 6.6909
3707 13.78
3708 2.8694
3709 1.5645
3710 6.2511
3711 15.004
3712 1.0674
3713 -2.1834
3714 -8.9842
3715 -11.561
3716 -0.6561
3717 0.98924
3718 5.07
3719 16.398
3720 0.77885
3721 -3.8247
3722 -11.766
3723 -7.8233
3724 -2.1317
3725 -5.0097
3726 -14.637
3727 -3.7286
3728 -0.34119
3729 -0.74171
3730 -4.5916
3731 -17.398
3732 0.24503
3733 5.6363
3734 12.195
3735 6.4439
3736 4.3266
3737 10.371
3738 9.3692
3739 3.4135
3740 6.7098
3741 13.22
3742 3.9643
3743 3.243
3744 10.595
3745 9.4015
3746 1.5096
3747 2.3613
3748 10.683
3749 9.3175
3750 -0.65471
3751 -3.7879
3752 -13.767
3753 -5.4274
3754 0.049032
3755 1.1939
3756 6.8521
3757 14.754
3758 -1.0794
3759 -5.6663
3760 -13.105
3761 -5.2722
3762 -3.2923
3763 -9.6423
3764 -10.529
3765 -2.1812
3766 -3.3445
3767 -12.598
3768 -6.9253
3769 -0.15173
3770 0.84782
3771 4.8369
3772 16.937
3773 0.17875
3774 -4.8993
3775 -12.339
3776 -6.7219
3777 -3.3291
3778 -8.6129
3779 -11.665
3780 -2.7936
3781 -3.6744
3782 -12.548
3783 -6.9543
3784 -0.88235
3785 -1.6178
3786 -8.532
3787 -12.262
3788 1.1636
3789 5.3936
3790 13.695
3791 4.7006
3792 2.2218
3793 7.2976
3794 13.546
3795 1.7047
3796 0.085779
3797 0.13472
3798 0.91669
3799 7.3072
3800 14.078
3801 -3.6308
3802 -8.4957
3803 -10.445
3804 -5.8184
3805 -7.6248
3806 -11.192
3807 -6.0885
3808 -6.5947
3809 -11.487
3810 -6.7882
3811 -5.6148
3812 -10.979
3813 -8.0992
3814 -4.8222
3815 -9.5108
3816 -10.102
3817 -4.4098
3818 -7.35
3819 -12.218
3820 -4.7554
3821 -5.0896
3822 -12.326
3823 -6.7522
3824 -3.3342
3825 -8.6006
3826 -11.675
3827 -2.8076
3828 -3.689
3829 -12.559
3830 -6.9391
3831 -0.90133
3832 -1.688
3833 -8.842
3834 -11.811
3835 1.2035
3836 5.4168
3837 13.772
3838 4.5744
3839 2.1145
3840 7.0465
3841 13.854
3842 1.6806
3843 -0.21553
3844 -1.2969
3845 -8.2901
3846 -12.571
3847 2.4011
3848 7.458
3849 12.112
3850 4.6364
3851 5.1957
3852 12.468
3853 6.5185
3854 3.3545
3855 8.8165
3856 11.438
3857 2.7267
3858 3.7545
3859 12.755
3860 6.6881
3861 0.85142
3862 1.6219
3863 8.6112
3864 12.145
3865 -1.23
3866 -5.5099
3867 -13.681
3868 -4.619
3869 -2.3203
3870 -7.6565
3871 -13.127
3872 -1.6348
3873 -0.28702
3874 -1.135
3875 -7.4484
3876 -13.907
3877 2.2913
3878 7.3206
3879 12.051
3880 4.9596
3881 5.3799
3882 12.29
3883 6.6381
3884 3.7302
3885 9.3951
3886 10.669
3887 3.0053
3888 4.9142
3889 13.698
3890 5.0897
3891 1.6967
3892 5.3325
3893 15.222
3894 2.4801
3895 -0.89164
3896 -4.1682
3897 -15.765
3898 -2.7321
3899 2.3224
3900 8.525
3901 12.015
3902 1.6858
3903 1.1963
3904 5.5408
3905 15.964
3906 0.68345
3907 -3.5191
3908 -11.609
3909 -8.0889
3910 -1.6567
3911 -3.5096
3912 -13.674
3913 -5.5854
3914 0.57623
3915 3.07
3916 13.547
3917 5.7324
3918 -1.4158
3919 -5.6656
3920 -14.703
3921 -2.8812
3922 -0.21479
3923 -0.44105
3924 -2.8448
3925 -16.316
3926 -2.2112
3927 5.1674
3928 11.128
3929 7.9025
3930 4.7436
3931 9.6106
3932 10.033
3933 4.2777
3934 7.2876
3935 12.337
3936 4.6407
3937 4.8783
3938 12.292
3939 6.8962
3940 3.075
3941 7.9622
3942 12.439
3943 2.7598
3944 2.8977
3945 10.867
3946 9.1035
3947 0.58761
3948 -0.16541
3949 -1.0019
3950 -7.0779
3951 -14.511
3952 2.655
3953 7.7258
3954 11.487
3955 5.2902
3956 6.2428
3957 12.114
3958 6.2482
3959 4.7944
3960 10.975
3961 8.4996
3962 3.7763
3963 7.999
3964 12.059
3965 3.713
3966 4.5773
3967 12.83
3968 6.3615
3969 2.1833
3970 6.082
3971 14.476
3972 2.6539
3973 0.41049
3974 1.3775
3975 8.4553
3976 12.333
3977 -2.1815
3978 -7.1563
3979 -12.469
3980 -4.497
3981 -4.6244
3982 -12.213
3983 -7.099
3984 -2.7701
3985 -7.1268
3986 -13.354
3987 -2.8057
3988 -2.0024
3989 -7.9797
3990 -12.914
3991 -0.63533
3992 1.68
3993 7.7993
3994 13.233
3995 0.10019
3996 -2.9891
3997 -11.598
3998 -8.174
3999 -0.40781
4000 0.38657
4001 2.2343
4002 13.574
4003 5.3438
4004 -3.946
4005 -9.9724
4006 -9.6424
4007 -4.0564
4008 -7.4007
4009 -12.388
4010 -4.3368
4011 -4.6709
4012 -12.383
4013 -6.8735
4014 -2.7066
4015 -7.1328
4016 -13.39
4017 -2.7015
4018 -1.825
4019 -7.4015
4020 -13.68
4021 -0.66108
4022 2.0278
4023 8.8717
4024 11.746
4025 0.22119
4026 -2.1443
4027 -9.6835
4028 -10.656
4029 0.23694
4030 2.9629
4031 12.15
4032 7.4797
4033 -0.21225
4034 -2.1681
4035 -10.632
4036 -9.3489
4037 1.135
4038 5.0172
4039 14.3
4040 4.1715
4041 0.9553
4042 3.072
4043 14.119
4044 5.0156
4045 -2.0834
4046 -7.4293
4047 -13.131
4048 -2.4582
4049 -1.7404
4050 -7.2699
4051 -13.88
4052 -0.53985
4053 2.3792
4054 9.9092
4055 10.349
4056 0.32122
4057 -1.3823
4058 -7.0082
4059 -14.394
4060 0.25772
4061 4.1441
4062 12.922
4063 6.3616
4064 1.573
4065 4.2017
4066 14.872
4067 3.913
4068 -0.85572
4069 -3.9576
4070 -15.199
4071 -3.5778
4072 1.6757
4073 6.6337
4074 14.227
4075 1.9328
4076 -0.1593
4077 -1.0588
4078 -6.8488
4079 -14.852
4080 1.9243
4081 6.902
4082 12.296
4083 5.1422
4084 5.0042
4085 11.978
4086 7.2212
4087 3.4782
4088 8.5141
4089 11.705
4090 3.0634
4091 4.084
4092 12.898
4093 6.4412
4094 1.3227
4095 3.3337
4096 13.895
4097 5.3163
4098 -1.2084
4099 -5.0825
4100 -15.051
4101 -3.0307
4102 0.44104
4103 2.3646
4104 12.465
4105 6.9132
4106 -2.3402
4107 -7.6981
4108 -12.582
4109 -3.1219
4110 -3.2778
4111 -11.433
4112 -8.3693
4113 -0.98619
4114 -1.3468
4115 -7.0014
4116 -14.463
4117 0.59675
4118 4.7794
4119 13.231
4120 5.7122
4121 2.2033
4122 6.5611
4123 14.18
4124 2.2654
4125 0.35439
4126 1.2506
4127 7.8904
4128 13.208
4129 -2.1808
4130 -7.1652
4131 -12.326
4132 -4.7307
4133 -4.9156
4134 -12.244
4135 -6.9371
4136 -3.163
4137 -8.118
4138 -12.244
4139 -2.8065
4140 -3.1604
4141 -11.48
4142 -8.3212
4143 -0.70001
4144 -0.47829
4145 -2.5702
4146 -14.683
4147 -4.1346
4148 4.0606
4149 10.366
4150 9.2255
4151 3.8579
4152 7.5095
4153 12.421
4154 4.05
4155 4.4421
4156 12.414
4157 6.922
4158 2.3352
4159 6.1431
4160 14.311
4161 2.8638
4162 0.83002
4163 3.1558
4164 14.773
4165 4.2105
4166 -2.651
4167 -8.7526
4168 -11.558
4169 -2.4715
4170 -3.1725
4171 -11.866
4172 -7.8399
4173 -0.41292
4174 0.25992
4175 1.5395
4176 10.421
4177 9.2552
4178 -3.5559
4179 -8.965
4180 -10.593
4181 -4.6036
4182 -7.0108
4183 -12.303
4184 -5.1271
4185 -5.0021
4186 -11.989
4187 -7.2089
4188 -3.4678
4189 -8.5047
4190 -11.719
4191 -3.0531
4192 -4.0545
4193 -12.869
4194 -6.4843
4195 -1.298
4196 -3.2299
4197 -13.699
4198 -5.5559
4199 1.2304
4200 5.1423
4201 14.985
4202 3.069
4203 -0.29345
4204 -1.7632
4205 -10.13
4206 -9.9027
4207 2.2025
4208 7.2288
4209 12.735
4210 3.8729
4211 3.886
4212 11.868
4213 7.7409
4214 1.8278
4215 4.2069
4216 14.482
4217 4.4177
4218 -0.28879
4219 -1.9072
4220 -10.361
4221 -9.6353
4222 1.8451
4223 6.5853
4224 13.401
4225 3.7593
4226 2.8461
4227 9.8145
4228 10.427
4229 1.2319
4230 1.0544
4231 5.2368
4232 16.367
4233 0.51172
4234 -4.0686
4235 -12.094
4236 -7.3654
4237 -2.2753
4238 -5.6911
4239 -14.516
4240 -3.1922
4241 -0.68683
4242 -2.3896
4243 -12.642
4244 -6.6859
4245 2.4588
4246 7.9423
4247 12.314
4248 3.1143
4249 3.5526
4250 12.002
4251 7.6395
4252 1.1016
4253 2.0382
4254 10.072
4255 10.096
4256 -1.1236
4257 -5.0574
4258 -14.158
4259 -4.3347
4260 -1.2219
4261 -4.0311
4262 -15.354
4263 -3.3504
4264 1.8207
4265 7.0872
4266 13.752
4267 1.8112
4268 0.095854
4269 0.15946
4270 1.0798
4271 8.4494
4272 12.107
4273 -3.9505
4274 -8.8492
4275 -10.21
4276 -5.6163
4277 -7.8799
4278 -11.144
4279 -5.8011
4280 -6.7295
4281 -11.646
4282 -6.448
4283 -5.6134
4284 -11.239
4285 -7.7932
4286 -4.6956
4287 -9.662
4288 -10
4289 -4.1989
4290 -7.2361
4291 -12.417
4292 -4.579
4293 -4.7382
4294 -12.24
4295 -7.0202
4296 -2.916
4297 -7.521
4298 -12.934
4299 -2.7774
4300 -2.424
4301 -9.4534
4302 -10.948
4303 -0.53549
4304 1.0355
4305 5.3534
4306 16.253
4307 0.49162
4308 -3.9937
4309 -12.083
4310 -7.4034
4311 -2.1502
4312 -5.3257
4313 -14.673
4314 -3.376
4315 -0.38962
4316 -1.0523
4317 -6.472
4318 -15.379
4319 1.4345
4320 6.3119
4321 12.645
4322 5.302
4323 4.3218
4324 11.264
4325 8.3392
4326 2.9411
4327 6.6157
4328 13.594
4329 3.41
4330 2.3236
4331 8.5815
4332 12.068
4333 0.95519
4334 -0.50994
4335 -2.7277
4336 -14.567
4337 -4.3583
4338 3.4884
4339 9.8713
4340 9.9972
4341 3.2782
4342 5.957
4343 13.603
4344 4.3506
4345 2.6203
4346 8.7279
4347 11.799
4348 1.4952
4349 0.91074
4350 4.3046
4351 16.535
4352 1.5431
4353 -3.6509
4354 -11.139
4355 -8.5942
4356 -2.3727
4357 -5.1296
4358 -14.404
4359 -3.9639
4360 -0.83185
4361 -2.6698
4362 -13.217
4363 -6.0547
4364 2.1868
4365 7.5035
4366 12.916
4367 2.8145
4368 2.4955
4369 9.6456
4370 10.692
4371 0.56437
4372 -0.85443
4373 -4.5119
4374 -16.702
4375 -1.0717
4376 4.0157
4377 11.663
4378 7.8778
4379 2.5846
4380 6.1371
4381 14.102
4382 3.267
4383 1.4426
4384 5.4986
4385 15.561
4386 1.6089
4387 -2.0484
4388 -8.3063
4389 -12.424
4390 -0.96737
4391 0.67447
4392 3.5057
4393 15.988
4394 2.6757
4395 -3.5342
4396 -10.488
4397 -9.3528
4398 -2.7485
4399 -5.4537
4400 -14.085
4401 -4.1408
4402 -1.5771
4403 -5.4741
4404 -15.369
4405 -2.0135
4406 1.4258
4407 6.2194
4408 14.948
4409 1.2912
4410 -1.7992
4411 -7.7449
4412 -13.214
4413 -0.69118
4414 1.7134
4415 7.8657
4416 13.134
4417 0.16182
4418 -2.8167
4419 -11.242
4420 -8.6247
4421 -0.2934
4422 0.88787
4423 4.8733
4424 16.771
4425 0.42841
4426 -4.5231
4427 -12.224
4428 -7.0372
4429 -2.9035
4430 -7.4799
4431 -12.977
4432 -2.7837
4433 -2.3872
4434 -9.3288
4435 -11.114
4436 -0.54043
4437 1.0907
4438 5.5915
4439 16.033
4440 0.38964
4441 -3.9498
4442 -12.153
4443 -7.3345
4444 -2.0005
4445 -4.9471
4446 -14.774
4447 -3.5833
4448 -0.053545
4449 0.41072
4450 2.6158
4451 15.565
4452 3.0477
4453 -4.8822
4454 -10.881
4455 -8.302
4456 -4.5986
4457 -9.1501
4458 -10.573
4459 -4.2646
4460 -6.7444
4461 -12.649
4462 -4.9145
4463 -4.4145
4464 -11.675
4465 -7.8216
4466 -2.8294
4467 -6.7488
4468 -13.59
4469 -3.1557
4470 -2.1081
4471 -8.0682
4472 -12.765
4473 -0.83499
4474 1.1593
4475 5.6928
4476 15.808
4477 0.65122
4478 -3.4319
4479 -11.552
4480 -8.1755
4481 -1.5205
4482 -3.0612
4483 -12.861
4484 -6.5902
4485 0.76417
4486 3.7687
4487 14.351
4488 4.7051
4489 -0.81534
4490 -3.8244
4491 -14.872
4492 -4.037
4493 1.4156
4494 5.7962
4495 14.922
4496 2.285
4497 -0.55488
4498 -2.8195
4499 -14.055
4500 -5.0381
4501 2.658
4502 8.5732
4503 11.702
4504 2.747
4505 3.5587
4506 12.386
4507 7.1681
4508 0.79325
4509 1.2323
4510 6.684
4511 14.943
4512 -0.73101
4513 -5.149
4514 -13.151
4515 -5.5942
4516 -2.7492
4517 -8.1471
4518 -12.402
4519 -2.1147
4520 -1.7916
4521 -7.778
4522 -13.25
4523 -0.21056
4524 2.7601
4525 11.079
4526 8.8324
4527 0.29593
4528 -0.94625
4529 -5.1476
4530 -16.577
4531 -0.26849
4532 4.5094
4533 12.355
4534 6.8911
4535 2.7549
4536 7.237
4537 13.273
4538 2.7081
4539 1.9622
4540 7.9138
4541 13.011
4542 0.58333
4543 -1.8425
4544 -8.3808
4545 -12.431
4546 -0.0692
4547 2.7552
4548 11.269
4549 8.5901
4550 0.094887
4551 -1.4825
4552 -7.718
4553 -13.436
4554 0.71289
4555 4.7218
4556 13.464
4557 5.4531
4558 1.8424
4559 5.6009
4560 14.999
4561 2.4818
4562 -0.51532
4563 -2.6523
4564 -13.541
4565 -5.6334
4566 2.5691
4567 8.302
4568 11.985
4569 2.871
4570 3.5096
4571 12.163
4572 7.4474
4573 0.88347
4574 1.4169
4575 7.514
4576 13.751
4577 -0.89394
4578 -5.135
4579 -13.434
4580 -5.2416
4581 -2.3694
4582 -7.3651
4583 -13.391
4584 -1.9479
4585 -0.64937
4586 -2.7674
4587 -14.322
4588 -4.6824
4589 3.1094
4590 9.3448
4591 10.707
4592 3.0031
4593 4.8763
4594 13.68
4595 5.1356
4596 1.6747
4597 5.2306
4598 15.254
4599 2.5592
4600 -0.91898
4601 -4.2647
4602 -15.771
4603 -2.6668
4604 2.2454
4605 8.3694
4606 12.226
4607 1.6157
4608 0.8982
4609 4.1598
4610 16.438
4611 1.7992
4612 -3.5217
4613 -10.882
4614 -8.9267
4615 -2.3472
4616 -4.842
4617 -14.325
4618 -4.2909
4619 -0.72708
4620 -2.1151
4621 -11.286
4622 -8.4026
4623 2.0342
4624 6.9893
4625 13.184
4626 3.4431
4627 2.9207
4628 10.282
4629 9.8357
4630 1.0675
4631 0.9069
4632 4.6237
4633 16.752
4634 0.84994
4635 -4.1915
4636 -11.877
4637 -7.5702
4638 -2.6949
4639 -6.6158
4640 -13.769
4641 -3.0521
4642 -1.7661
4643 -6.9052
4644 -14.244
4645 -0.96571
4646 1.7879
4647 7.9062
4648 13.04
4649 0.42996
4650 -2.1927
4651 -9.5567
4652 -10.824
4653 -0.066399
4654 2.2224
4655 10.127
4656 10.058
4657 -0.42506
4658 -3.3145
4659 -12.956
4660 -6.4791
4661 0.16228
4662 1.8037
4663 9.4688
4664 10.913
4665 -1.3159
4666 -5.5575
4667 -13.883
4668 -4.2885
4669 -2.0014
4670 -6.8711
4671 -14.094
4672 -1.5814
4673 0.59043
4674 3.014
4675 14.829
4676 4.1176
4677 -3.0481
4678 -9.4126
4679 -10.683
4680 -2.7664
4681 -4.4581
4682 -13.611
4683 -5.4307
4684 -1.1936
4685 -3.3814
4686 -14.279
4687 -4.8381
4688 1.5483
4689 6.0973
4690 14.538
4691 2.4749
4692 0.15478
4693 0.27732
4694 1.8217
4695 12.736
4696 6.0757
4697 -4.6506
4698 -10.041
4699 -9.1634
4700 -5.0551
4701 -8.7301
4702 -10.757
4703 -4.9381
4704 -7.0446
4705 -12.076
4706 -5.4525
4707 -5.343
4708 -11.905
4709 -7.1378
4710 -3.9695
4711 -9.3683
4712 -10.609
4713 -3.3601
4714 -5.5608
4715 -13.566
4716 -4.801
4717 -2.4945
4718 -8.0373
4719 -12.634
4720 -1.7126
4721 -0.8117
4722 -3.6766
4723 -16.067
4724 -2.5377
4725 3.3925
4726 10.398
4727 9.5067
4728 2.5335
4729 4.8712
4730 14.14
4731 4.524
4732 1.0372
4733 3.2295
4734 14.308
4735 4.7982
4736 -1.9239
4737 -7.0867
4738 -13.553
4739 -2.3615
4740 -1.1653
4741 -4.9133
4742 -16.116
4743 -1.5335
4744 2.8784
4745 10.177
4746 9.9284
4747 1.5091
4748 2.0639
4749 9.5485
4750 10.836
4751 -0.55318
4752 -3.8009
4753 -13.452
4754 -5.8121
4755 -0.34596
4756 -0.14487
4757 -0.81889
4758 -6.1222
4759 -16.096
4760 2.5968
4761 7.676
4762 11.238
4763 5.7552
4764 6.5908
4765 11.719
4766 6.4787
4767 5.4382
4768 11.162
4769 7.9807
4770 4.5205
4771 9.3463
4772 10.407
4773 4.0958
4774 6.7337
4775 12.763
4776 4.7387
4777 4.2139
4778 11.589
4779 7.9887
4780 2.5722
4781 6.0309
4782 14.152
4783 3.3402
4784 1.3983
4785 5.2768
4786 15.674
4787 1.7743
4788 -2.0558
4789 -8.2467
4790 -12.485
4791 -1.0709
4792 0.47428
4793 2.5375
4794 13.952
4795 5.0514
4796 -3.3634
4797 -9.5578
4798 -10.356
4799 -3.3562
4800 -5.7779
4801 -13.567
4802 -4.5972
4803 -2.6224
4804 -8.5465
4805 -12.01
4806 -1.6205
4807 -1.0557
4808 -4.9217
4809 -16.384
4810 -1.057
4811 3.571
4812 11.374
4813 8.3504
4814 1.9889
4815 4.2926
4816 14.349
4817 4.554
4818 0.018281
4819 -0.75829
4820 -4.6045
4821 -17.283
4822 0.054108
4823 5.3931
4824 12.246
4825 6.5449
4826 4.0211
4827 9.9048
4828 10.001
4829 3.1914
4830 5.805
4831 13.695
4832 4.3747
4833 2.4126
4834 8.1112
4835 12.588
4836 1.4951
4837 0.39125
4838 1.7032
4839 10.598
4840 9.1396
4841 -2.9768
4842 -8.4067
4843 -11.419
4844 -4.0937
4845 -5.6816
4846 -13.001
4847 -5.4961
4848 -3.3561
4849 -9.5992
4850 -10.561
4851 -2.3136
4852 -3.6177
4853 -12.982
4854 -6.4295
4855 -0.36642
4856 -0.031212
4857 -0.13058
4858 -0.99648
4859 -8.3342
4860 -12.203
4861 4.3965
4862 8.9817
4863 9.8153
4864 6.0576
4865 8.3417
4866 10.523
4867 6.112
4868 7.5128
4869 11.072
4870 6.4135
4871 6.6423
4872 11.244
4873 7.0655
4874 5.8155
4875 10.806
4876 8.1851
4877 5.1344
4878 9.646
4879 9.8153
4880 4.7396
4881 7.9047
4882 11.631
4883 4.8773
4884 5.9519
4885 12.432
4886 6.0582
4887 4.2271
4888 10.556
4889 9.1925
4890 3.1802
4891 6.4394
4892 13.516
4893 3.8556
4894 2.7129
4895 9.3768
4896 10.993
4897 1.2496
4898 0.79451
4899 3.8922
4900 16.513
4901 1.8566
4902 -3.8412
4903 -11.115
4904 -8.5545
4905 -2.7674
4906 -6.0812
4907 -13.973
4908 -3.5814
4909 -1.816
4910 -6.711
4911 -14.384
4912 -1.2842
4913 1.3316
4914 6.1471
4915 15.2
4916 0.86046
4917 -2.6557
4918 -10.224
4919 -9.9177
4920 -0.84428
4921 -0.24328
4922 -1.1839
4923 -8.1315
4924 -12.779
4925 2.8757
4926 8.0028
4927 11.426
4928 4.94
4929 6.2364
4930 12.359
4931 5.9155
4932 4.5503
4933 11.022
4934 8.5418
4935 3.4121
4936 7.3731
4937 12.778
4938 3.5649
4939 3.5639
4940 11.598
4941 8.1294
4942 1.4331
4943 2.8253
4944 12.344
4945 7.2146
