1 2.09
2 2.16
3 2.22
4 2.28
5 2.34
6 2.41
7 2.47
8 2.53
9 2.59
10 2.65
11 2.71
12 2.77
13 2.82
14 2.88
15 2.94
16 2.99
17 3.05
18 3.10
19 3.15
20 3.20
21 3.25
22 3.30
23 3.35
24 3.39
25 3.44
26 3.48
27 3.52
28 3.56
29 3.60
30 3.64
31 3.67
32 3.71
33 3.74
34 3.77
35 3.80
36 3.83
37 3.85
38 3.87
39 3.89
40 3.91
41 3.93
42 3.95
43 3.96
44 3.97
45 3.98
46 3.99
47 3.99
48 4.00
49 4.00
50 4.00
51 4.00
52 3.99
53 3.99
54 3.98
55 3.97
56 3.96
57 3.94
58 3.93
59 3.91
60 3.89
61 3.87
62 3.84
63 3.82
64 3.79
65 3.76
66 3.73
67 3.70
68 3.67
69 3.63
70 3.59
71 3.55
72 3.51
73 3.47
74 3.43
75 3.38
76 3.34
77 3.29
78 3.24
79 3.19
80 3.14
81 3.09
82 3.03
83 2.98
84 2.92
85 2.87
86 2.81
87 2.75
88 2.69
89 2.63
90 2.57
91 2.51
92 2.45
93 2.39
94 2.33
95 2.27
96 2.20
97 2.14
98 2.08
99 2.02
100 1.95
101 1.89
102 1.83
103 1.76
104 1.70
105 1.64
106 1.58
107 1.52
108 1.46
109 1.40
110 1.34
111 1.28
112 1.22
113 1.16
114 1.10
115 1.05
116 0.99
117 0.94
118 0.89
119 0.83
120 0.78
121 0.73
122 0.69
123 0.64
124 0.59
125 0.55
126 0.51
127 0.47
128 0.43
129 0.39
130 0.35
131 0.32
132 0.28
133 0.25
134 0.22
135 0.19
136 0.17
137 0.14
138 0.12
139 0.10
140 0.08
141 0.07
142 0.05
143 0.04
144 0.03
145 0.02
146 0.01
147 0.00
148 0.00
149 0.00
150 0.00
151 0.00
152 0.01
153 0.01
154 0.02
155 0.03
156 0.05
157 0.06
158 0.08
159 0.10
160 0.12
161 0.14
162 0.16
163 0.19
164 0.22
165 0.24
166 0.28
167 0.31
168 0.34
169 0.38
170 0.42
171 0.46
172 0.50
173 0.54
174 0.58
175 0.63
176 0.67
177 0.72
178 0.77
179 0.82
180 0.87
181 0.93
182 0.98
183 1.03
184 1.09
185 1.15
186 1.20
187 1.26
188 1.32
189 1.38
190 1.44
191 1.50
192 1.56
193 1.62
194 1.69
195 1.75
196 1.81
197 1.87
198 1.94
199 2.00
